time,x,y,z,phi,theta,psi,x_velocity,y_velocity,z_velocity,phi_velocity,theta_velocity,psi_velocity,rotor_speed1,rotor_speed2,rotor_speed3,rotor_speed4
0.06,-3.68517471075e-06,7.05762360326e-06,10.0001593258,0.00239164830524,0.000927874384392,0.0,-0.000214875053268,0.000431795558106,0.00531060204575,0.0157834808073,-0.0118199788988,0.0,406.7935563621933,405.7340035148284,404.5217764609921,405.940250801538
0.12000000000000001,-4.98820008899e-05,8.9807436553e-05,10.0040436965,0.00407119447791,0.00474553391448,0.0,-0.00170190006573,0.00249389344896,0.124160854503,0.0240356655225,0.0103180728767,0.0,441.8822882147488,443.7032073055726,442.55214800976614,443.2307055440769
0.18,-0.00026899209537,0.00035968196793,10.0159148326,0.0119174204827,0.00745949424497,0.0,-0.00591617057403,0.00732841078225,0.271512151517,0.0505831304898,-0.00678235823007,0.0,453.0452695015282,451.6684108854069,449.99206345561976,452.13604569577967
0.23999999999999996,-0.000779096367507,0.0010799988999,10.0354387194,0.020483424246,0.00735154201053,0.0,-0.0110708868815,0.0175402246418,0.379241245959,0.0751735320849,-0.00187342471272,0.0,438.9997034367858,439.4068624566193,438.7155974465276,440.7547798317947
0.3,-0.00160103982908,0.00259092124269,10.0620238388,0.0251259917548,0.00729637940372,0.0,-0.0163192474674,0.0333122018039,0.506869913772,0.0781323649181,-0.000190828205498,0.0,446.07158093715145,446.2089692095593,445.3605049108445,445.60697217492054
0.36000000000000004,-0.00282405458916,0.00529218545948,10.1017966799,0.0298034399781,0.0160792220673,0.0,-0.0256631417176,0.0573510308016,0.81869102648,0.0765053995206,-0.0338985987713,0.0,500.94037673473025,498.4836631203039,500.3982107694925,500.2838293024876
0.4200000000000001,-0.00469082709543,0.00936741950423,10.1539335613,0.034522801588,0.0147392971225,0.0,-0.0364164708925,0.0789663322026,0.919115641578,0.0794190013373,-0.0258944410859,0.0,437.37109936601195,438.03677557132517,437.91159917632785,438.1587278546175
0.48000000000000015,-0.00717247024425,0.0148315900037,10.2119263604,0.0393175018218,0.0131805141444,0.0,-0.0461481458826,0.103653871334,1.01388157166,0.0804519800018,-0.0280035678373,0.0,435.8211409103293,435.6446720889639,436.76996604775934,436.8613294937034
0.5400000000000001,-0.0102526813981,0.0220127186063,10.2789775227,0.044371986261,0.0121788133433,0.0,-0.0564171034045,0.136311971644,1.22093357433,0.0738919255668,-0.0383065684976,0.0,471.7019946792872,470.90548293794785,470.75790972005734,470.2546064842865
0.6000000000000002,-0.0139580425152,0.0312969471318,10.3589943075,0.0492366553875,0.016682688999,0.0,-0.067671109707,0.173728316086,1.44599741007,0.0799838918734,-0.068102515403,0.0,477.57845327516503,475.2992914416501,476.6872539815072,477.15661844829225
0.6600000000000003,-0.0183565292192,0.0427484419829,10.4475951211,0.0684859337878,0.0196095620577,0.0,-0.0792555042631,0.209798096987,1.50717201978,0.120442271721,-0.0983375293072,0.0,429.02367186896464,426.4438027658531,424.2982711470568,427.76520764105186
0.7200000000000003,-0.0237538018312,0.0571317245996,10.5458803895,0.0784273822814,0.0481312586782,0.0,-0.104329480549,0.27083928255,1.7684294211,0.137330985126,-0.163819509882,0.0,490.6383388734919,485.740861593894,487.7962109432032,489.0685660763868
0.7800000000000004,-0.0308994364463,0.0748971184318,10.6532158551,0.0875034870813,0.0402181824764,0.0,-0.133130737955,0.322173574568,1.80930973514,0.146219239714,-0.180231619755,0.0,422.6215945886901,421.1755006970352,421.3660561532522,422.15313610348824
0.8400000000000004,-0.0398700887505,0.0963955678184,10.768330966,0.0972551550528,0.0417560310135,0.0,-0.166017787395,0.395584122551,2.02736916237,0.134115837557,-0.14291455707,0.0,476.75768822729924,479.57543772051986,476.7197376037408,475.81145138479087
0.9000000000000005,-0.0505674797481,0.121886270014,10.8900537972,0.105290330385,0.0386743039538,0.0,-0.190315284988,0.454806493586,2.02997859267,0.13274427739,-0.169818084907,0.0,412.3357835806769,409.9283495150963,409.5415867876467,409.4377116779142
0.9600000000000005,-0.0630026838489,0.152059449019,11.0210440312,0.114950017877,0.0331981495059,0.0,-0.22341172869,0.552199940454,2.33564643474,0.117231022754,-0.147207533535,0.0,502.8262449173055,504.4398037498327,503.803412834939,502.6933717600745
1.0200000000000005,-0.0771363389205,0.187748861358,11.1654195578,0.123130463519,0.0317029187279,0.0,-0.247572809708,0.638276177911,2.47644825555,0.127821416687,-0.178105517568,0.0,458.03453022853296,455.5477985365655,456.25913728467674,457.1165740836387
1.0800000000000005,-0.0925497569777,0.22826817672,11.3141197994,0.131690800569,0.0291130802241,0.0,-0.265953829266,0.713100167124,2.48010575672,0.137030560552,-0.148113368612,0.0,411.1697271196823,413.7888427934307,413.8935615005556,414.72033570535723
1.1400000000000006,-0.109092327346,0.273879862664,11.4663172235,0.142436214747,0.0203158666234,0.0,-0.284536096837,0.808381595407,2.59272461724,0.1183863229,-0.14582250335,0.0,449.61881428045035,449.7842992797776,449.4955841855612,447.9977235699675
1.2000000000000006,-0.126633686587,0.325873004143,11.6283909006,0.149552371311,0.0135755157241,0.0,-0.299376827304,0.925480238004,2.80906555665,0.118917348389,-0.162596624217,0.0,481.4583705816477,480.1678645120459,482.08861343307797,482.14016783844744
1.2600000000000007,-0.144992207046,0.385048731657,11.8031778235,0.161541550537,0.0289388894897,0.0,-0.31433100486,1.0483785334,3.01630438716,0.0935518300651,-0.108881823712,0.0,478.84289650677397,482.89383747782745,480.6114904808788,478.695001698382
1.3200000000000007,-0.164465830786,0.451497444897,11.9881954761,0.167146994908,0.0229607059718,0.0,-0.334125224416,1.16709598059,3.15044570797,0.0916290545661,-0.101835767406,0.0,459.9469450671743,460.49512651854843,459.7189879132311,459.57358349981007
1.3800000000000008,-0.184914268468,0.524516421689,12.1772805477,0.173216987447,0.0183638521187,0.0,-0.347096349348,1.26738007728,3.15224790303,0.0820552502127,-0.116565560353,0.0,418.81329492427534,417.51931883197864,419.03579875646426,418.2097326766169
1.4400000000000008,-0.206094458168,0.604025944811,12.3685857798,0.17813609102,0.0130870825561,0.0,-0.358400040189,1.38335013186,3.22425040552,0.0798873549818,-0.132171265506,0.0,441.8904361840496,440.58851071419093,442.50196034270886,442.3288407252041
1.5000000000000009,-0.227825944707,0.690335823082,12.5628049594,0.183610628955,0.007073312591,0.0,-0.365416408208,1.49408469881,3.24950527586,0.0878080676233,-0.118159523412,0.0,425.9551552478537,427.1362056670925,427.77905240270405,428.4588478303396
1.560000000000001,-0.249902968303,0.783711178029,12.7602530101,0.189948438918,0.00721979026075,0.0,-0.37052899599,1.61895439101,3.33165548967,0.0979987359784,-0.148852181062,0.0,448.4337979940678,445.91845232291166,445.07995518376146,445.920212217492
1.620000000000001,-0.272264491693,0.884986260641,12.9640651919,0.197356453616,6.2822186684,0.0,-0.37396139211,1.75752901387,3.46145077429,0.110392654832,-0.14052390423,0.0,461.73987584046967,462.3773826887546,461.8713157225321,462.85640956267264
1.680000000000001,-0.294647249104,0.995246495518,13.1781728391,0.206283982707,6.27411624577,0.0,-0.371150564289,1.91865498914,3.67445439147,0.125862783526,-0.135327662683,0.0,488.80399810729773,489.17515465937726,487.4251662580238,488.5906069526696
1.740000000000001,-0.316745478398,1.11440795335,13.4003758605,0.216603838455,6.27521109673,0.0,-0.365535290405,2.0542590987,3.73178560409,0.142926981045,-0.103254125393,0.0,441.9950022058684,444.61647194470385,441.84685453607625,443.2675101847695
1.8000000000000012,-0.338494609963,1.24219908883,13.6273486341,0.225962300901,6.27019712752,0.0,-0.358907311073,2.20623894236,3.8332692983,0.151492462855,-0.092488354223,0.0,459.0757192795287,459.92103100337386,456.3596072191364,457.06209926899885
1.8600000000000012,-0.359757338604,1.37902602665,13.8591648927,0.238319537618,6.2650969616,0.0,-0.349349551353,2.35569622748,3.89328515899,0.170129879486,-0.0862500002682,0.0,446.48585309210085,446.987770732341,445.5602534906508,447.1049436801631
1.9200000000000013,-0.380279038451,1.52591607298,14.0980639109,0.249405570462,6.26078711662,0.0,-0.334213364262,2.54164494708,4.06885032921,0.158592849113,-0.0771908943633,0.0,483.0649981879473,483.7426578134473,484.4394017473239,483.59501663058575
1.9800000000000013,-0.399959084484,1.68261395902,14.341250506,0.259653798207,6.26211794125,0.0,-0.321924066988,2.68238082984,4.03709512428,0.166844881214,-0.10516669862,0.0,420.4738773385111,418.0361566135109,420.1854434006861,420.9266792186298
2.0400000000000014,-0.418876102592,1.84820178768,14.583479205,0.275406298584,6.25600946101,0.0,-0.308097841599,2.83849432979,4.03657768167,0.139367250378,-0.10130533198,0.0,431.9023367854204,432.2181885284485,431.75573753797187,429.45550314780064
2.1000000000000014,-0.43682714683,2.02365627368,14.8265200978,0.283918296662,6.25033878069,0.0,-0.289739491233,3.01058622077,4.06423732429,0.142575152791,-0.0954096111412,0.0,441.76841525667606,442.24579789716455,441.7492420885632,442.03217304531915
2.1600000000000015,-0.45353629173,2.20999226105,15.0724960453,0.298840808438,6.24818761617,0.0,-0.267055498176,3.20185814865,4.13394658826,0.113704770402,-0.11735275653,0.0,458.24846390818345,456.49174544883914,457.77529646212264,455.48776751092294
2.2200000000000015,-0.468853305696,2.40790905089,15.322113282,0.305703336436,6.2457130598,0.0,-0.243262054003,3.39576478838,4.18595994838,0.115008185376,-0.0951134456317,0.0,452.5200884550313,454.29656865046917,453.09197734903177,453.20810215563586
2.2800000000000016,-0.482711139898,2.61735667877,15.5741018538,0.31584046224,6.2400370828,0.0,-0.21814630423,3.586493033,4.21295851023,0.133551706782,-0.0985814423036,0.0,446.8539807580071,446.56328837080343,445.8752062248155,447.4009986424545
2.3400000000000016,-0.494959500452,2.83842725442,15.82762295,0.332038453303,6.23582602289,0.0,-0.189769362363,3.78371825466,4.23678498433,0.163713601583,-0.114131347639,0.0,449.14593045923573,447.8735364899203,445.027131577279,447.5087000769145
2.4000000000000017,-0.505335230814,3.07212258921,16.0840122102,0.342320300672,6.22910195006,0.0,-0.155430315264,4.00677073499,4.3084770401,0.15499413771,-0.111294911943,0.0,465.34445096300914,465.5557052049277,464.8515762356318,464.19107961568307
2.4600000000000017,-0.513415328288,3.32000942546,16.3463526901,0.356181653246,6.22365202457,0.0,-0.113373199016,4.25707085064,4.43464612476,0.177220531259,-0.124692953348,0.0,484.74949778386247,483.73070635269215,483.80559164710434,485.49912778384805
2.520000000000002,-0.518945764826,3.58268909862,16.6148514299,0.367958513058,6.2212990761,0.0,-0.0708087212061,4.4996132159,4.51404094958,0.187795485462,-0.150730836116,0.0,473.49376776205156,471.4707348837107,473.22320363036437,474.0660112917737
2.580000000000002,-0.52174432947,3.860707466,16.8895242615,0.379230271922,6.21269238844,0.0,-0.0215976535071,4.76824680074,4.6400959823,0.187982243789,-0.159273640498,0.0,491.37939105059087,490.72576193825995,489.72788699828124,489.7724903766082
2.640000000000002,-0.521607569033,4.15393156914,17.1688693247,0.390519883776,6.20334666353,0.0,0.0270164209182,5.00646620854,4.67027322022,0.185130447665,-0.15530499783,0.0,463.86176303735056,464.150882889017,462.94135568680264,462.74931447151886
2.700000000000002,-0.518728442371,4.46000118581,17.4460243396,0.402063691312,6.1988708239,0.0,0.0693142789317,5.19649044067,4.56787530998,0.19126134916,-0.132370175233,0.0,419.48521584685585,421.45078044898634,419.84558705751084,420.4135386748716
2.760000000000002,-0.513080386715,4.77840885867,17.7188359569,0.415160213421,6.19830787096,0.0,0.118991651381,5.4178168914,4.52500923598,0.176062109787,-0.103789233402,0.0,441.0988833258367,443.4396205153227,443.13643783770823,441.9188559562869
2.820000000000002,-0.504581333503,5.10959824659,17.9874724442,0.428268058796,6.19709132858,0.0,0.164410834853,5.62251384234,4.42901075836,0.192374788813,-0.0804391097588,0.0,424.956487437784,426.9455096051241,424.3187194067947,425.75064694457757
2.880000000000002,-0.493250737602,5.4535957018,18.2510769835,0.441524284619,6.19233851785,0.0,0.213638459325,5.84473043619,4.35703750887,0.176782860957,-0.0784356250149,0.0,434.7801010264066,434.9427049938537,436.81695147905907,435.5492895424678
2.940000000000002,-0.478920833869,5.81096267773,18.5099763535,0.459219525653,6.18872395501,0.0,0.264267938989,6.06847490848,4.27195881586,0.146392126194,-0.0911439723506,0.0,433.07087652122016,431.9945724948808,434.478988010036,431.9503652879424
3.000000000000002,-0.461657647542,6.18149118441,18.7627339984,0.468242547856,6.20877509883,0.0,0.309683656541,6.28283843591,4.15308717097,0.15068493035,-0.0369926892285,0.0,419.61196349114084,424.2833706634017,422.52948998331993,422.92122874780455
3.0600000000000023,-0.442034614746,6.56434838247,19.0070623264,0.487050367155,6.2108102758,0.0,0.344254739094,6.48002196454,3.99065566175,0.183739474182,-0.0608205599107,0.0,407.3715309401256,405.2332373640082,405.7436949985803,408.7288113790454
3.1200000000000023,-0.420110381563,6.96077401086,19.2444470793,0.501590072546,6.20723371363,0.0,0.386805269252,6.73474625871,3.9211039186,0.161964455995,-0.0652086343506,0.0,442.68552690184885,442.32139903756047,444.3958407834527,442.63709870758373
3.1800000000000024,-0.395539765743,7.37284455822,19.4779385947,0.511369447493,6.204043518,0.0,0.43244863487,7.0010736727,3.86108513497,0.163733810571,-0.0570218025483,0.0,448.7060645817583,449.3675852712882,448.4085940346104,448.5772368710565
3.2400000000000024,-0.368426599451,7.79950675557,19.7051355071,0.523104562232,6.20494593553,0.0,0.47126038383,7.22138765234,3.71176500881,0.177723887463,-0.0354122706323,0.0,415.47432883416025,417.3634208563762,418.2032501143154,419.449427619574
3.3000000000000025,-0.338862777555,8.24037815949,19.9248200091,0.541994206164,6.20552480816,0.0,0.514079295945,7.47506995486,3.60983102311,0.207964419708,-0.054664465276,0.0,438.00704313683724,436.40156364684555,435.76033707160167,438.31654516352575
3.3600000000000025,-0.306550354889,8.69791667687,20.1403171319,0.554505175398,6.20557731451,0.0,0.562925698101,7.77634611236,3.57205689999,0.209090211509,-0.0358316232562,0.0,462.4877881811678,463.9677643716931,463.5022756556749,463.6315049206323
3.4200000000000026,-0.271424068758,9.1730141264,20.3523875301,0.569254572077,6.21100448593,0.0,0.607427510952,8.06056909517,3.49567652439,0.191581757788,-0.00685411870363,0.0,452.69974381794106,455.0259130818251,452.4398857903556,451.06753390014853
3.4800000000000026,-0.233444602093,9.6672887097,20.5628482548,0.581261530502,6.21103344202,0.0,0.658429037746,8.41504189315,3.51777946105,0.198310738384,-0.000687644260576,0.0,489.3654103357304,489.8244103928819,491.6119672329133,492.1430956465744
3.5400000000000027,-0.192967071168,10.1787952528,20.7681943155,0.594606835899,6.21485360506,0.0,0.690531068448,8.63553542352,3.32669016917,0.183879080123,-0.0234470985513,0.0,416.62454891096655,414.6292230698114,416.9791071633164,415.75538743043154
3.6000000000000028,-0.150260092998,10.7064149591,20.9661529835,0.605755176555,6.21345840554,0.0,0.733071661476,8.95156455423,3.27056953718,0.178764495585,-0.0229633286296,0.0,468.51929921867463,468.5569032945953,469.6515125883161,469.28472649757305
3.660000000000003,-0.105094915136,11.2521484757,21.1593006211,0.620625403751,6.21280585901,0.0,0.772414645001,9.23962808919,3.16636116201,0.199896295559,-0.01475751929,0.0,454.6047206525972,455.2620034304793,453.6227963025388,455.34973156741825
3.720000000000003,-0.0574862738706,11.815913096,21.3469577789,0.633401828423,6.21218926842,0.0,0.814489482651,9.55231373552,3.08744185971,0.208460209615,-0.0217630249891,0.0,468.07286538697133,467.527280612919,466.9068020788715,467.61276348329085
3.780000000000003,-0.00759679566404,12.3966457407,21.5272192427,0.646327638745,6.22119523727,0.0,0.847808577149,9.80549777465,2.92056950475,0.21444397966,0.0122342754023,0.0,435.53673646852747,438.37197606721656,436.91805529427523,437.46124090875463
3.840000000000003,0.0442721560846,12.9935876021,21.6986529116,0.659517450858,6.22214322789,0.0,0.881001326367,10.0924080778,2.79271871249,0.206900292346,0.00582735255498,0.0,455.8404642219812,455.327889751922,453.85503859176555,453.29227732555046
3.900000000000003,0.0978926511826,13.6055970635,21.8594710558,0.673267656943,6.22320930115,0.0,0.906251634231,10.308063052,2.56750736492,0.218418362786,-0.00472201803042,0.0,419.1523388401836,418.23412510878023,416.31517328809383,417.36910350056803
3.960000000000003,0.15325782772,14.2332895946,22.0100657698,0.689278299793,6.22818718904,0.0,0.938760532528,10.6148461134,2.4506767035,0.198505766576,0.0192332425193,0.0,462.98975002577123,464.8712830128772,464.2042628112978,462.68079856471223
4.020000000000002,0.210430288955,14.8792291721,22.1531858156,0.704661679922,6.24324813808,0.0,0.965704100053,10.9162687387,2.31853324644,0.176854382281,0.0589020836603,0.0,460.84478315606884,463.9713529727012,462.05701465267146,460.38058580429663
4.080000000000001,0.269087698668,15.5449046144,22.290102752,0.716183581815,6.24785826381,0.0,0.989016733974,11.2720574748,2.24366579539,0.186175507829,0.0462754521225,0.0,488.56662618590053,487.6256845138602,486.9387085651632,487.66389691789925
4.14,0.328989607959,16.2306801713,22.4209222707,0.732883495271,6.25092207319,0.0,1.00739216396,11.5867136489,2.11511402992,0.159187352001,0.0510680589224,0.0,471.5204280640919,471.8919163183781,472.6854576103821,470.6286591202163
4.199999999999998,0.389856369519,16.9347802943,22.5431906134,0.742424418747,6.27193956698,0.0,1.01982375841,11.8826641406,1.95972633015,0.158438423914,0.0962987947515,0.0,463.46389785298277,467.00995031128406,464.63894249657505,464.6029677389593
4.259999999999997,0.451113530273,17.6537847186,22.6529695404,0.762869844056,0.000824159722384,0.0,1.02137258708,12.0843708355,1.69865489061,0.120986448447,0.122602260674,0.0,422.33809669164077,424.6120412035478,422.9815426386759,419.7637016693306
4.319999999999996,0.51231708645,18.3873038307,22.7494406637,0.770929301635,0.00897694222257,0.0,1.01811948138,12.3655167141,1.51652349732,0.109912784593,0.111550630905,0.0,458.3724756367123,457.5052665449307,460.4718483096475,459.6064747120853
4.379999999999995,0.573243833006,19.134876783,22.8321326415,0.782839562199,0.0161061470983,0.0,1.01236599063,12.5535381948,1.23986277228,0.0834277432637,0.103016326097,0.0,417.56222218442076,416.82795317561164,420.6083546025992,418.31679037033945
4.439999999999993,0.633663615855,19.8971012078,22.9016472905,0.788773368201,0.0222803931986,0.0,1.0011542574,12.852863373,1.07679449711,0.0716056675242,0.102611634687,0.0,468.93771156877483,468.9148461336212,469.29700337708283,468.38280722815284
4.499999999999992,0.693347464567,20.676039981,22.9602692931,0.794107537479,0.0291404518355,0.0,0.987823960951,13.1109336579,0.877206542797,0.0591811617116,0.092145760518,0.0,453.6735555596927,452.84031578153713,455.7731648440241,454.7819368843848
4.559999999999991,0.752143560709,21.4700972911,23.0067218184,0.798091634015,0.0365394577715,0.0,0.971554203508,13.3568228421,0.671387518688,0.0506713909489,0.105974206389,0.0,450.5724716490721,451.6974108812887,452.10319136663094,451.41881942103385
4.6199999999999894,0.809920313246,22.2776848334,23.0398303057,0.803133655696,0.0429317258488,0.0,0.953948600081,13.562242303,0.432613065791,0.0339260751705,0.10711862882,0.0,435.8828579366221,435.9886794147773,436.55957423394824,435.1606572733678
4.679999999999988,0.866454610253,23.099275868,23.0603493361,0.820773222277,0.0493510024435,0.0,0.93013627079,13.8234391227,0.249740851841,0.0760146151155,0.105210339277,0.0,461.85112941683036,461.7099955346612,459.693228709448,463.01929962303865
4.739999999999987,0.921639203855,23.9341045756,23.067486529,0.827163862686,0.0558896975258,0.0,0.9089848605,14.0038108997,-0.0113917594256,0.0599476921056,0.109354800289,0.0,427.95876261681553,428.32198917251225,430.1054446369163,428.7458766725726
4.799999999999986,0.975388696939,24.7808216018,23.0600943928,0.834176458746,0.0634127799748,0.0,0.882206961506,14.2194008564,-0.235004696166,0.0384661477257,0.0973440876699,0.0,446.3498171857777,445.37774427952564,445.8224892987922,444.06482946025284
4.859999999999984,1.02699294569,25.645451262,23.0439526923,0.836923483215,0.0705063638568,0.0,0.837382091388,14.5993196398,-0.303991160629,0.0299088672622,0.0838230402847,0.0,512.9862330544095,512.0308597830057,513.7372563421886,513.1302686320466
4.919999999999983,1.0761267826,26.5291238417,23.0204913701,0.845206689845,0.0759708352641,0.0,0.800118276187,14.8552950314,-0.478650667514,0.0566386061273,0.0899472552876,0.0,470.2947318484068,470.77468692302153,469.71030819435936,471.7803565780015
4.979999999999982,1.12323333892,27.4252747868,22.9840938496,0.850398626836,0.0830731523131,0.0,0.769697493912,15.0160040249,-0.733951746246,0.070158139877,0.074390576592,0.0,435.173620667122,433.87487672338125,432.7655310085214,433.9053896481509
5.0399999999999805,1.16850765698,28.3303920078,22.9319862762,0.855128371113,0.0877424956168,0.0,0.739196051357,15.1542997185,-1.00212805726,0.0769496778194,0.078303833082,0.0,425.4443132594822,425.78420022111635,424.7268974034705,425.3136063984744
